1 0 0 0 0 0 0 0 0 0 0 0 0 1 0 0 0 0 0 0 0 0 1 0 0 161 
1 0 0 0 0 0 0 0 0 1 0 1 0 1 0 0 0 0 0 0 1 0 1 0 0 251 
1 0 0 0 0 0 0 0 0 1 0 1 0 1 0 0 0 0 0 0 1 0 1 0 0 251 
1 0 0 0 0 0 0 0 0 1 0 1 0 1 1 0 0 0 0 0 1 0 1 0 3080 291 
1 0 0 0 0 0 0 0 0 1 0 1 0 1 1 0 0 0 0 0 1 1 1 0 3380 301 
1 0 0 0 0 0 0 0 0 1 1 1 0 1 1 0 0 0 0 0 1 1 1 1 5490 521 
1 0 0 1 0 1 0 0 0 1 1 1 0 1 1 0 0 0 0 0 1 1 1 1 6990 756 
1 0 0 1 0 1 0 0 0 1 1 1 0 1 1 0 0 0 0 1 1 1 1 1 7170 768 
1 0 0 1 0 1 0 0 0 1 1 1 1 1 1 0 0 1 1 1 1 1 1 1 8430 923 
1 0 0 1 0 1 0 0 0 1 1 1 1 1 1 0 1 1 1 1 1 1 1 1 9540 1043 
